4294967294,0
4294967278,117
4294967278,116
4294967278,115
4294967278,110
4294967278,109
4294967278,108
4294967278,107
4294967278,106
4294967278,105
4243767290,0
4243767290,3
4243767290,2
4294967294,18
4294967294,14
4294967294,20
4294967294,966
4294967294,963
4294967294,962
4294967294,961
4294967294,921
4294967294,920
4294967294,919
4294967294,918
4294967294,917
4294967294,916
4294967294,913
4294967294,911
4294967294,910
4294967294,906
4294967294,903
4294967294,902
4294967294,92
4294967294,88
4294967294,947
4294967294,927
4294967294,899
4294967294,896
4294967294,41
4294967294,52
4294967294,418
4294967294,120
4294967294,43
4294967294,388
4294967294,161
4294967294,394
4294967294,450
4294967294,449
4294967294,391
4294967294,385
4294967294,405
4294967294,408
4294967294,410
4294967294,401
4294967294,399
4294967294,412
4294967294,417
4294967294,452
4294967294,451
4294967294,421
4294967294,413
4294967294,1418
4294967294,180
4294967294,468
4294967294,169
4294967294,82
4294967294,160
4294967294,179
4294967294,83
4294967294,970
4294967294,185
4294967294,182
4294967294,173
4294967294,170
4294967294,190
4294967294,908
4294967294,964
4294967294,967
4294967294,965
4294967294,81
4294967294,428
4294967278,132
4294967278,131
4294967278,130
4294967278,129
4294967278,128
4294967278,127
4294967278,126
4294967278,125
4294967278,124
4294967278,123
4294967278,122
4294967278,121
4294967278,120
4294967278,119
4294967278,118
4294967278,114
4294967278,113
4294967278,112
4294967278,111
4294967278,104
4294967278,103
4294967278,102
4294967278,101
4294967278,94
4294967278,93
4294967278,90
4294967278,85
4294967278,84
4294967278,83
4294967279,84
4294967279,83
4294967279,82
4294967279,81
4294967279,80
4294967279,79
4294967279,78
4294967279,77
4294967279,76
4294967279,75
4294967279,74
4294967279,73
4294967279,72
4294967279,71
4294967279,70
4294967279,69
4294967279,68
4294967279,67
4294967279,66
4294967279,65
4294967279,64
4294967279,63
4294967279,62
4294967279,61
4294967279,60
4294967279,59
4294967279,58
4294967279,57
4294967279,56
4294967279,55
4294967279,54
4294967279,53
4294967279,52
4294967279,51
4294967279,50
4294967279,49
4294967279,48
4294967279,47
4294967279,46
4294967279,45
4294967279,44
4294967279,43
4294967279,42
4294967279,41
4294967279,40
4294967279,39
4294967279,38
4294967279,37
4294967279,36
4294967279,35
4294967279,34
4294967279,33
4294967279,32
4294967279,31
4294967279,30
4294967279,29
4294967279,28
4294967279,27
4294967279,26
4294967279,25
4294967279,24
4294967279,23
4294967279,22
4294967279,21
4294967279,20
4294967279,19
4294967279,18
4294967279,17
4294967279,16
4294967279,15
4294967279,14
4294967279,13
4294967279,12
4294967279,11
4294967279,10
4294967279,9
4294967279,8
4294967279,7
4294967279,318
4294967279,6
4294967279,275
4294967279,5
4294967279,281
4294967279,4
4294967294,127
4294967294,126
4294967294,13
4294967294,960
4294967294,922
4294967294,912
4294967294,904
4294967294,946
4294967294,944
4294967294,943
4294967294,938
4294967294,897
4294967294,437
4294967294,159
4294967294,60
4294967294,55
4294967294,57
4294967294,61
4294967294,30
4294967294,97
4294967294,80
4294967294,402
4294967294,50
4294967294,420
4294967294,448
4294967294,471
4294967294,404
4294967294,386
4294967294,415
4294967294,407
4294967294,422
4294967294,191
4294967294,469
4294967294,470
4294967294,164
4294967294,119
4294967294,924
4294967294,27
4294967294,189
4294967294,116
4294967294,184
4294967294,971
4294967294,467
4294967294,175
4294967294,46
4294967294,1
4294967294,17
4294967294,42
4294967294,39
4294967294,387
4294967294,51
4294967294,165
4294967294,112
4294967294,113
4294967294,25
4294967294,166
4294967294,24
4294967294,183
4294967294,26
4294967294,172
4294967294,12
4294967294,67
4294967294,176
4294967294,163
4294967294,162
4294967294,1417
4294967294,68
4294967294,11
4294967294,1424
4294967294,460
4294967278,513
4294967293,131
4294967293,130
4294967293,129
4294967293,128
4294967293,127
4294967293,126
4294967293,125
4294967293,124
4294967293,123
4294967293,122
4294967293,121
4294967293,120
4294967293,119
4294967293,118
4294967293,117
4294967293,116
4294967293,115
4294967293,114
